# Final variational parameter theta
[[-1.4968351582681851 -1.2651175766181697  1.9753089600733016
  -2.565067330062616 ]]

# x_true: idx real imag
0 2.755231295384142687e+00 0.000000000000000000e+00
1 2.806919547254451697e+00 0.000000000000000000e+00
2 2.861264553009620126e+00 0.000000000000000000e+00
3 2.807562374118884208e+00 0.000000000000000000e+00
4 2.861264553009620570e+00 0.000000000000000000e+00
5 2.918423672208474429e+00 0.000000000000000000e+00
6 2.861919825699114739e+00 0.000000000000000000e+00
7 2.806919547254452141e+00 0.000000000000000000e+00
8 2.806919547254450809e+00 0.000000000000000000e+00
9 2.861919825699113851e+00 0.000000000000000000e+00
10 2.918423672208474873e+00 0.000000000000000000e+00
11 2.861264553009620570e+00 0.000000000000000000e+00
12 2.807562374118882875e+00 0.000000000000000000e+00
13 2.861264553009620126e+00 0.000000000000000000e+00
14 2.806919547254452141e+00 0.000000000000000000e+00
15 2.755231295384142243e+00 0.000000000000000000e+00

# x_est_unnorm_raw: idx real imag
0 1.591454634817595748e+00 0.000000000000000000e+00
1 -3.653556645644278067e+00 0.000000000000000000e+00
2 -8.136023809132916895e+00 0.000000000000000000e+00
3 1.642278486377203306e+00 0.000000000000000000e+00
4 -1.768467390715733556e+00 0.000000000000000000e+00
5 7.555478227384213596e+00 0.000000000000000000e+00
6 3.934287541090420781e+00 0.000000000000000000e+00
7 -1.477896467035473727e+00 0.000000000000000000e+00
8 1.083358888050164115e+00 0.000000000000000000e+00
9 -5.367076156770295370e+00 0.000000000000000000e+00
10 -5.538476255732001974e+00 0.000000000000000000e+00
11 2.412507745711322205e+00 0.000000000000000000e+00
12 -2.240363373280276349e+00 0.000000000000000000e+00
13 5.964040041784827828e+00 0.000000000000000000e+00
14 4.984108699592477265e+00 0.000000000000000000e+00
15 -1.166601695054249266e+00 0.000000000000000000e+00

# x_est_unnorm_aligned: idx real imag
0 -1.591454634817595748e+00 -1.948969824517588607e-16
1 3.653556645644278067e+00 4.474316451591805490e-16
2 8.136023809132916895e+00 9.963755515641282024e-16
3 -1.642278486377203306e+00 -2.011211091650402077e-16
4 1.768467390715733556e+00 2.165747929436494683e-16
5 -7.555478227384213596e+00 -9.252792227193595986e-16
6 -3.934287541090420781e+00 -4.818112644121694523e-16
7 1.477896467035473727e+00 1.809901177826174677e-16
8 -1.083358888050164115e+00 -1.326731994578469218e-16
9 5.367076156770295370e+00 6.572772636168819930e-16
10 5.538476255732001974e+00 6.782677218735814220e-16
11 -2.412507745711322205e+00 -2.954469888703567533e-16
12 2.240363373280276349e+00 2.743653834014657235e-16
13 -5.964040041784827828e+00 -7.303842547158435958e-16
14 -4.984108699592477265e+00 -6.103772765558404536e-16
15 1.166601695054249266e+00 1.428675031728063003e-16

